


A.2:
(Faculty)
System of equations for 9 point correspondences: Ah = b

Matrix A (18 × 8):
[[     1543      2833         1         0         0         0   -649603
   -1192693]
 [        0         0         0      1543      2833         1  -4636715
   -8513165]
 [     2735      2865         1         0         0         0  -4810865
   -5039535]
 [        0         0         0      2735      2865         1  -8256965
   -8649435]
 [     1975       455         1         0         0         0  -1818975
    -419055]
 [        0         0         0      1975       455         1   -902575
    -207935]
 [     2123      2549         1         0         0         0  -2260995
   -2714685]
 [        0         0         0      2123      2549         1  -5725731
   -6874653]
 [     1713      1831         1         0         0         0  -1074051
   -1148037]
 [        0         0         0      1713      1831         1  -3235857
   -3458759]
 [     1893      2247         1         0         0         0  -1557939
   -1849281]
 [        0         0         0      1893      2247         1  -4473159
   -5309661]
 [     4635      1645         1         0         0         0 -16440345
   -5834815]
 [        0         0         0      4635      1645         1  -8421795
   -2988965]
 [     5153      2827         1         0         0         0 -20658377
  -11333443]
 [        0         0         0      5153      2827         1 -14866405
   -8155895]
 [     4023      3137         1         0         0         0 -12233943
   -9539617]
 [        0         0         0      4023      3137         1 -12950037
  -10098003]]

Vector b (18 × 1):
[ 421 1759  921 1065  627  823 3547 4009 3041 3005 3019  457 2697 1889
 2363 1817 2885 3219]

Vector h (8 x 1):
[7.01602773e-01 3.89523280e-01 1.05983284e+02 9.32722013e-02
 1.06551086e+00 3.91970673e+02 3.46323759e-05 1.36704731e-04]

Recovered Homography Matrix H (3 x 3):
[[7.01602773e-01 3.89523280e-01 1.05983284e+02]
 [9.32722013e-02 1.06551086e+00 3.91970673e+02]
 [3.46323759e-05 1.36704731e-04 1.00000000e+00]]



(Bancroft)
System of equations for 16 point correspondences: Ah = b

Matrix A (32 × 8):
[[     1333      1882         1         0         0         0  -1043739
   -1473606]
 [        0         0         0      1333      1882         1  -2511372
   -3545688]
 [     1227      3718         1         0         0         0   -815955
   -2472470]
 [        0         0         0      1227      3718         1  -4640514
  -14061476]
 [     1778      2038         1         0         0         0  -2220722
   -2545462]
 [        0         0         0      1778      2038         1  -3639566
   -4171786]
 [     2360       994         1         0         0         0  -4257440
   -1793176]
 [        0         0         0      2360       994         1  -2440240
   -1027796]
 [     2009      3409         1         0         0         0  -2949212
   -5004412]
 [        0         0         0      2009      3409         1  -6838636
  -11604236]
 [     2475      2795         1         0         0         0  -4732200
   -5344040]
 [        0         0         0      2475      2795         1  -6848325
   -7733765]
 [     1389      2625         1         0         0         0  -1175094
   -2220750]
 [        0         0         0      1389      2625         1  -3686406
   -6966750]
 [      764      3237         1         0         0         0   -119948
    -508209]
 [        0         0         0       764      3237         1  -2547176
  -10792158]
 [     2882      2212         1         0         0         0  -6536376
   -5016816]
 [        0         0         0      2882      2212         1  -6354810
   -4877460]
 [     1783      2544         1         0         0         0  -2237665
   -3192720]
 [        0         0         0      1783      2544         1  -4553782
   -6497376]
 [     1681      2181         1         0         0         0  -1941555
   -2519055]
 [        0         0         0      1681      2181         1  -3686433
   -4782933]
 [     1377      2060         1         0         0         0  -1152549
   -1724220]
 [        0         0         0      1377      2060         1  -2847636
   -4260080]
 [     2174      3993         1         0         0         0  -3550142
   -6520569]
 [        0         0         0      2174      3993         1  -8613388
  -15820266]
 [     1705      3274         1         0         0         0  -2008490
   -3856772]
 [        0         0         0      1705      3274         1  -5609450
  -10771460]
 [     1150      3083         1         0         0         0   -673900
   -1806638]
 [        0         0         0      1150      3083         1  -3614450
   -9689869]
 [      918      2829         1         0         0         0   -300186
    -925083]
 [        0         0         0       918      2829         1  -2654856
   -8181468]]

Vector b (32 × 1):
[ 783. 1884.  665. 3782. 1249. 2047. 1804. 1034. 1468. 3404. 1912. 2767.
  846. 2654.  157. 3334. 2268. 2205. 1255. 2554. 1155. 2193.  837. 2068.
 1633. 3962. 1178. 3290.  586. 3143.  327. 2892.]

Vector h (8 x 1):
[ 1.22323392e+00 -1.97987322e-03 -7.62704328e+02  1.50108163e-01
  1.13215492e+00 -2.61400641e+02  7.43042533e-05 -6.71548170e-07]

Recovered Homography Matrix H (3 x 3):
[[ 1.22323392e+00 -1.97987322e-03 -7.62704328e+02]
 [ 1.50108163e-01  1.13215492e+00 -2.61400641e+02]
 [ 7.43042533e-05 -6.71548170e-07  1.00000000e+00]]


(Room)
System of equations for 16 point correspondences: Ah = b

Matrix A (32 × 8):
[[    395     190       1       0       0       0  -70705  -34010]
 [      0       0       0     395     190       1  -67940  -32680]
 [    372     479       1       0       0       0  -52080  -67060]
 [      0       0       0     372     479       1 -180420 -232315]
 [    379     674       1       0       0       0  -50407  -89642]
 [      0       0       0     379     674       1 -266058 -473148]
 [    581     188       1       0       0       0 -224266  -72568]
 [      0       0       0     581     188       1 -110971  -35908]
 [    586     607       1       0       0       0 -218578 -226411]
 [      0       0       0     586     607       1 -359218 -372091]
 [    757     189       1       0       0       0 -417107 -104139]
 [      0       0       0     757     189       1 -158213  -39501]
 [    766     599       1       0       0       0 -418236 -327054]
 [      0       0       0     766     599       1 -455004 -355806]
 [    933     192       1       0       0       0 -650301 -133824]
 [      0       0       0     933     192       1 -212724  -43776]
 [    492     243       1       0       0       0 -143172  -70713]
 [      0       0       0     492     243       1 -118572  -58563]
 [    817      71       1       0       0       0 -493468  -42884]
 [      0       0       0     817      71       1  -85785   -7455]
 [    485      72       1       0       0       0 -138710  -20592]
 [      0       0       0     485      72       1  -29585   -4392]
 [    494     563       1       0       0       0 -137332 -156514]
 [      0       0       0     494     563       1 -284050 -323725]
 [    552     620       1       0       0       0 -184368 -207080]
 [      0       0       0     552     620       1 -347760 -390600]
 [    605     523       1       0       0       0 -237765 -205539]
 [      0       0       0     605     523       1 -318835 -275621]
 [    911     436       1       0       0       0 -616747 -295172]
 [      0       0       0     911     436       1 -404484 -193584]
 [    871     531       1       0       0       0 -559182 -340902]
 [      0       0       0     871     531       1 -459017 -279837]]

Vector b (32 × 1):
[179. 172. 140. 485. 133. 702. 386. 191. 373. 613. 551. 209. 546. 594.
 697. 228. 291. 241. 604. 105. 286.  61. 278. 575. 334. 630. 393. 527.
 677. 444. 642. 527.]

Vector h (8 x 1):
[ 1.47424907e+00 -7.07038989e-02 -3.55912128e+02  2.22740465e-01
  1.24712106e+00 -1.21172008e+02  4.84777786e-04 -5.87856890e-05]

Recovered Homography Matrix H (3 x 3):
[[ 1.47424907e+00 -7.07038989e-02 -3.55912128e+02]
 [ 2.22740465e-01  1.24712106e+00 -1.21172008e+02]
 [ 4.84777786e-04 -5.87856890e-05  1.00000000e+00]]

(Haas)
System of equations for 21 point correspondences: Ah = b

Matrix A (42 × 8):
[[     1185       343         1         0         0         0    -21330
      -6174]
 [        0         0         0      1185       343         1    -14220
      -4116]
 [     1674      1301         1         0         0         0   -972594
    -755881]
 [        0         0         0      1674      1301         1  -1958580
   -1522170]
 [     1701       827         1         0         0         0  -1098846
    -534242]
 [        0         0         0      1701       827         1  -1098846
    -534242]
 [     1325      1681         1         0         0         0   -135150
    -171462]
 [        0         0         0      1325      1681         1  -2094825
   -2657661]
 [     2458       826         1         0         0         0  -3696832
   -1242304]
 [        0         0         0      2458       826         1  -1875454
    -630238]
 [     1959      2488         1         0         0         0  -1663191
   -2112312]
 [        0         0         0      1959      2488         1  -4848525
   -6157800]
 [     1928      1736         1         0         0         0  -1669648
   -1503376]
 [        0         0         0      1928      1736         1  -3215904
   -2895648]
 [     3584      1194         1         0         0         0  -8934912
   -2976642]
 [        0         0         0      3584      1194         1  -4422656
   -1473396]
 [     3337       861         1         0         0         0  -7701796
   -1987188]
 [        0         0         0      3337       861         1  -3026659
    -780927]
 [     3492      1841         1         0         0         0  -8324928
   -4388944]
 [        0         0         0      3492      1841         1  -6299568
   -3321164]
 [     3260      2128         1         0         0         0  -7103540
   -4636912]
 [        0         0         0      3260      2128         1  -6725380
   -4390064]
 [     3863      1393         1         0         0         0 -10414648
   -3755528]
 [        0         0         0      3863      1393         1  -5504775
   -1985025]
 [     3922      2259         1         0         0         0 -10561946
   -6083487]
 [        0         0         0      3922      2259         1  -8530350
   -4913325]
 [     3932      2122         1         0         0         0 -10663584
   -5754864]
 [        0         0         0      3932      2122         1  -8084192
   -4362832]
 [     3803      1737         1         0         0         0 -10024708
   -4578732]
 [        0         0         0      3803      1737         1  -6541160
   -2987640]
 [     3643      1682         1         0         0         0  -9165788
   -4231912]
 [        0         0         0      3643      1682         1  -6069238
   -2802212]
 [     3364      1452         1         0         0         0  -7737200
   -3339600]
 [        0         0         0      3364      1452         1  -4877800
   -2105400]
 [     3003       532         1         0         0         0  -6120114
   -1084216]
 [        0         0         0      3003       532         1  -1672671
    -296324]
 [     2631       312         1         0         0         0  -4462176
    -529152]
 [        0         0         0      2631       312         1   -715632
     -84864]
 [     3229      2869         1         0         0         0  -6767984
   -6013424]
 [        0         0         0      3229      2869         1  -8908811
   -7915571]
 [     2806      2984         1         0         0         0  -4756170
   -5057880]
 [        0         0         0      2806      2984         1  -8162654
   -8680456]]

Vector b (42 × 1):
[  18.   12.  581. 1170.  646.  646.  102. 1581. 1504.  763.  849. 2475.
  866. 1668. 2493. 1234. 2308.  907. 2384. 1804. 2179. 2063. 2696. 1425.
 2693. 2175. 2712. 2056. 2636. 1720. 2516. 1666. 2300. 1450. 2038.  557.
 1696.  272. 2096. 2759. 1695. 2909.]

Vector h (8 x 1):
[ 1.64536410e+00 -9.19540007e-02 -1.89715672e+03  3.06085568e-01
  1.39364791e+00 -8.43820292e+02  1.56880058e-04 -1.60050600e-06]

Recovered Homography Matrix H (3 x 3):
[[ 1.64536410e+00 -9.19540007e-02 -1.89715672e+03]
 [ 3.06085568e-01  1.39364791e+00 -8.43820292e+02]
 [ 1.56880058e-04 -1.60050600e-06  1.00000000e+00]]